74 0.15265487 0.28761062 0.61946905 0.6504425
74 0.15265487 0.28097346 0.64454275 0.6784661
74 0.15265487 0.30088496 0.65486723 0.68879056
74 0.15265487 0.26106194 0.6902655 0.7256637
74 0.15707965 0.28318584 0.6297935 0.6622419
74 0.15707965 0.26548672 0.7138643 0.7418879
74 0.15707965 0.25 0.7300885 0.75958705
74 0.17035398 0.460177 0.8067847 0.99115044
74 0.26769912 0.44469026 0.6622419 0.7227139
74 0.2920354 0.44026548 0.61504424 0.64454275
74 0.29424778 0.44026548 0.63126844 0.6578171
74 0.29867256 0.44469026 0.60471976 0.6297935
74 0.30973452 0.44247788 0.58849555 0.6179941
74 0.460177 0.69911504 0.61504424 0.6961652
74 0.46681416 0.5663717 0.57522124 0.63274336
74 0.46902654 0.59292036 0.7300885 0.8539823
74 0.46902654 0.5707965 0.8421829 0.88495576
74 0.46902654 0.59070796 0.8539823 0.9056047
74 0.57522124 0.70353985 0.56342185 0.5855457
74 0.57522124 0.70132744 0.5737463 0.5943953
74 0.57743365 0.69911504 0.58702064 0.60914457
74 0.59070796 0.6924779 0.77286136 0.8657817
74 0.59513277 0.6902655 0.67699116 0.76843655
