74 0 0.0515625 0 0.045833334
74 0 0.9921875 0 0.19791667
74 0 0.0953125 0.38125 0.53125
74 0 0.0734375 0.5416667 0.67083335
74 0.0015625 0.390625 0.21458334 0.40208334
74 0.0015625 0.0859375 0.675 0.84375
74 0.2265625 0.384375 0.43125 0.56666666
74 0.3046875 0.4125 0.65625 0.8375
74 0.4265625 0.7 0.21666667 0.44583333
74 0.428125 0.7125 0.69375 0.99791664
74 0.4328125 0.79375 0.46458334 0.7625
74 0.7 0.9984375 0.19791667 0.44583333
74 0.7171875 0.9625 0.78125 0.99791664
74 0.7953125 0.9734375 0.50625 0.7125
