74 0.20029455 0.820324 0.45575222 0.9026549
74 0.20176731 0.33873343 0.6902655 0.90707964
74 0.35346097 0.44624448 0.45353982 0.6659292
74 0.3622975 0.37702504 0.6836283 0.75442475
74 0.37849778 0.39469808 0.6836283 0.75
74 0.39322534 0.4108984 0.6880531 0.74557525
74 0.42857143 0.48895434 0.579646 0.65707964
74 0.4904271 0.5125184 0.8141593 0.86504424
74 0.51104563 0.6185567 0.47123894 0.65929204
74 0.5198822 0.6671576 0.69911504 0.90707964
74 0.67157584 0.8011782 0.47566372 0.6637168
74 0.67746687 0.81590575 0.69911504 0.8915929
