74 0.0033783785 0.41385135 0.3262548 0.44980696
74 0.0050675673 0.41554055 0.47104248 0.6061776
74 0.013513514 0.41216215 0.6177606 0.75482625
74 0.035472974 0.2516892 0.17567568 0.2992278
74 0.16722973 0.41554055 0.77220076 0.9131274
74 0.28716215 0.35472974 0.18725869 0.3011583
74 0.35135135 0.7212838 0 0.15444015
74 0.42736486 0.9155405 0.31660232 0.43822393
74 0.42905405 0.47804055 0.2104247 0.2992278
74 0.42905405 0.9881757 0.5965251 0.75482625
74 0.42905405 0.972973 0.72779924 0.9034749
74 0.43074325 0.9797297 0.47490346 0.6023166
74 0.6182432 0.7263514 0.1891892 0.2992278
74 0.8209459 0.9763514 0.4189189 0.49227798
74 0.9222973 0.9983108 0.3262548 0.46332046
74 0.9256757 0.9881757 0.20656371 0.2992278
