74 0.1453125 0.396875 0.74791664 0.9875
74 0.2296875 0.38125 0.31041667 0.40416667
74 0.240625 0.3875 0.44375 0.55
74 0.2453125 0.3890625 0.56875 0.6979167
74 0.3265625 0.61875 0.78125 1
74 0.33125 0.3765625 0.17708333 0.24791667
74 0.4125 0.6171875 0.44375 0.56666666
74 0.421875 0.6171875 0.27083334 0.40208334
74 0.559375 0.625 0.10625 0.22291666
74 0.6203125 0.878125 0.825 1
74 0.6296875 0.6984375 0.09791667 0.21875
74 0.6359375 0.8875 0.27291667 0.39166668
74 0.64375 0.8796875 0.43958333 0.5854167
74 0.646875 0.8796875 0.62083334 0.78125
74 0.70625 0.771875 0.0875 0.20625
74 0.7640625 0.840625 0.05625 0.19791667
