74 0.21244925 0.38430312 0 0.072289154
74 0.21515562 0.38700947 0.17108434 0.2746988
74 0.22868742 0.38294992 0.32289156 0.42891565
74 0.28146145 0.38700947 0.50843376 0.56626505
74 0.5277402 0.56562924 0.46506023 0.52048194
74 0.53315294 0.759134 0.16144578 0.26024097
74 0.5534506 0.72801083 0.26987952 0.34698796
74 0.57239515 0.6278755 0.4313253 0.51566267
74 0.6332882 0.7523681 0.40722892 0.5180723
74 0.85926926 0.9729364 0.72048193 0.9686747
74 0.90527743 0.99052775 0.5614458 0.7638554
74 0.9106901 0.9986468 0 0.09879518
74 0.9133965 0.9986468 0.37349397 0.5566265
74 0.9255751 0.9986468 0.14698794 0.3253012
