74 0.120943956 0.56342185 0.14159292 0.31858408
74 0.15339233 0.26253688 0.5420354 0.70353985
74 0.15929204 0.40855458 0.69911504 0.9181416
74 0.18584071 0.24188791 0.40929204 0.49557522
74 0.24483776 0.32300884 0.3738938 0.50442475
74 0.28023598 0.5943953 0.55309737 0.76106197
74 0.33775812 0.41887906 0.37831858 0.50884956
74 0.4100295 0.6563422 0.34070796 0.54646015
74 0.42330384 0.5575221 0.75 0.9446903
74 0.5693215 0.6519174 0.7787611 0.9579646
74 0.59292036 0.67551625 0.15044248 0.3119469
74 0.61946905 0.7581121 0.5641593 0.7787611
74 0.6696165 0.75516224 0.121681415 0.2920354
74 0.6696165 0.7581121 0.79646015 0.99336284
74 0.6843658 0.76696163 0.34955752 0.55309737
74 0.7876106 1 0.5973451 0.8207965
74 0.80088496 1 0.38716814 0.5575221
74 0.8067847 0.96755165 0.097345136 0.31858408
74 0.8082596 0.9306785 0.82522124 1
74 0.9336283 1 0.82743365 0.88716817
