74 0 0.42196533 0.24196278 0.36717427
74 0 0.42196533 0.37225044 0.52284265
74 0 0.3911368 0.7038917 0.89170897
74 0 0.12331407 0.9086294 0.99830794
74 0.0019267823 0.433526 0.5397631 0.6971235
74 0.007707129 0.41425818 0.10490694 0.2318105
74 0.19845857 0.40847784 0.016920473 0.10490694
74 0.42003852 0.7552987 0.01861252 0.13705584
74 0.433526 0.7957611 0.1539763 0.26565143
74 0.44508672 0.80924857 0.26565143 0.392555
74 0.45472062 0.822736 0.39424703 0.54483926
74 0.46050096 0.85549134 0.5532995 0.6988156
74 0.4990366 0.8477842 0.7123519 0.8087987
74 0.83815026 1 0.0998308 0.30456853
74 0.8612717 1 0.21996616 0.40778342
74 0.88246626 1 0.3790186 0.5245347
