74 0 0.1875 0.058333334 0.26875
74 0 0.18125 0.26875 0.43541667
74 0 0.178125 0.62083334 0.8020833
74 0.0015625 0.175 0 0.0625
74 0.0015625 0.1796875 0.43958333 0.62291664
74 0.0015625 0.1859375 0.79791665 1
74 0.184375 0.41875 0 0.12083333
74 0.1921875 0.4015625 0.27291667 0.44375
74 0.1921875 0.40625 0.44375 0.61041665
74 0.19375 0.3546875 0.9291667 1
74 0.1953125 0.4203125 0.08958333 0.275
74 0.196875 0.4140625 0.7625 0.97083336
74 0.2 0.4046875 0.61041665 0.77916664
74 0.4046875 0.5796875 0 0.1375
74 0.4078125 0.5828125 0.13125 0.29166666
74 0.409375 0.5078125 0.61041665 0.75625
74 0.4109375 0.5890625 0.27916667 0.43541667
74 0.4140625 0.5953125 0.44166666 0.59583336
74 0.5890625 0.746875 0 0.16041666
74 0.5890625 0.740625 0.14166667 0.29791668
74 0.596875 0.7421875 0.29583332 0.44166666
74 0.6453125 0.7390625 0.83958334 1
74 0.6484375 0.740625 0.43958333 0.5833333
74 0.65 0.7453125 0.7083333 0.8520833
74 0.6640625 0.7390625 0.57708335 0.71458334
74 0.746875 0.7953125 0.44583333 0.5708333
74 0.7484375 0.89375 0.025 0.18333334
74 0.7484375 0.79375 0.56666666 0.70416665
74 0.7484375 0.7984375 0.7083333 0.83958334
74 0.7484375 0.7921875 0.84791666 0.9770833
74 0.75 0.875 0.16458334 0.30208334
74 0.75 0.796875 0.3 0.43333334
74 0.909375 0.9953125 0.0625 0.1875
74 0.95 1 0.23333333 0.46666667
74 0.953125 1 0.46666667 0.6979167
74 0.95625 1 0.70625 0.8979167
