74 0 0.098966025 0 0.15452538
74 0 0.08271787 0.22075056 0.42384106
74 0 0.13146234 0.44591612 0.68874174
74 0 0.12850812 0.6732892 0.93598235
74 0.13441655 0.26144755 0 0.17660044
74 0.1536189 0.22451994 0.45474613 0.6423841
74 0.15952733 0.25406203 0.22516556 0.410596
74 0.28803545 0.38847858 0.0066225166 0.196468
74 0.32348597 0.3899557 0.29580575 0.47240618
74 0.49630722 0.5805022 0.008830022 0.205298
74 0.5893648 0.6573117 0.030905077 0.22075056
74 0.5967504 0.661743 0.24944812 0.410596
74 0.661743 0.72968984 0.07284768 0.23399559
74 0.6706056 0.7370753 0.27152318 0.33333334
74 0.74150664 0.7917282 0.09050772 0.24503312
74 0.7444609 0.7872969 0.30022076 0.42384106
74 0.7961595 0.82570165 0.13245033 0.24944812
74 0.80649924 0.82422453 0.45916116 0.58719647
74 0.84194976 0.8774003 0.13245033 0.25607064
74 0.84194976 0.8788774 0.28476822 0.42825606
74 0.8493353 0.8744461 0.45916116 0.5607064
74 0.9187592 1 0.42825606 0.55187637
74 0.92319053 1 0.15011038 0.25827813
74 0.92909896 1 0.29359823 0.40397352
74 0.93205315 1 0.7196468 0.8388521
74 0.9350074 1 0.57615894 0.7108168
