74 0 0.3240059 0.47123894 0.61725664
74 0.16789396 0.2179676 0.42256638 0.5
74 0.17525773 0.20913108 0.32743362 0.40929204
74 0.21649484 0.24300441 0.34513274 0.40929204
74 0.22091311 0.46244478 0.6084071 0.71902657
74 0.22974963 0.26067746 0.4358407 0.48893806
74 0.24153167 0.27393225 0.24336283 0.32079646
74 0.24889544 0.27540502 0.36283186 0.40486726
74 0.32842416 0.4329897 0.44690266 0.49778762
74 0.37849778 0.40206185 0.289823 0.34734514
74 0.37849778 0.4108984 0.42477876 0.4579646
74 0.39175257 0.41531664 0.36946902 0.41150442
74 0.4064801 0.42562592 0.28539824 0.3539823
74 0.4138439 0.53460974 0.48230088 0.5287611
74 0.41826215 0.44182622 0.36504424 0.41371682
74 0.42120767 0.44182622 0.2920354 0.35840708
74 0.42415318 0.44035345 0.42035398 0.46681416
74 0.46686304 0.54933727 0.4380531 0.47345132
74 0.48453608 0.50073636 0.3119469 0.36283186
74 0.49189985 0.5051546 0.3761062 0.4159292
74 0.49484536 0.5051546 0.43141592 0.44690266
74 0.4992636 0.5154639 0.31858408 0.36725664
74 0.5139912 0.6421208 0.51106197 0.57300884
74 0.53460974 0.6156112 0.46238938 0.50442475
74 0.562592 0.61708397 0.44026548 0.46460176
74 0.6053019 0.6863034 0.48451328 0.53097343
74 0.61708397 0.6583211 0.4579646 0.4778761
74 0.6583211 0.73048604 0.4579646 0.49336284
74 0.6671576 0.6892489 0.3938053 0.41371682
74 0.6671576 0.6892489 0.4159292 0.4358407
74 0.6701031 0.6936672 0.4358407 0.45132744
74 0.6848306 0.6995582 0.45575222 0.46902654
74 0.7025037 0.71428573 0.39823008 0.4181416
74 0.70397645 0.71428573 0.4181416 0.43141592
74 0.70544916 0.71575844 0.43362832 0.44911504
74 0.70544916 0.7172312 0.45132744 0.46902654
74 0.71428573 0.76435935 0.38716814 0.40929204
74 0.72017676 0.7614139 0.41371682 0.43141592
74 0.72017676 0.7658321 0.43141592 0.45353982
74 0.72017676 0.7614139 0.460177 0.4800885
74 0.76435935 0.80706924 0.38495576 0.40265486
74 0.7658321 0.80706924 0.41371682 0.42699116
74 0.7658321 0.8129602 0.4358407 0.4579646
74 0.81590575 0.86745214 0.38495576 0.40486726
74 0.8217968 0.8468336 0.43141592 0.45575222
74 0.8232695 0.8659794 0.40044248 0.42477876
74 0.85125184 0.921944 0.43362832 0.46238938
74 0.87628865 1 0.48672566 0.54867256
74 0.89838 1 0.57522124 0.6902655
