74 0 0.128125 0 0.12083333
74 0 0.125 0.18541667 0.30416667
74 0 0.1234375 0.325 0.47291666
74 0 0.11875 0.51875 0.6770833
74 0 0.1328125 0.71875 0.93541664
74 0.1625 0.578125 0 0.0875
74 0.16875 0.5875 0.12291667 0.26041666
74 0.1734375 0.6109375 0.79375 0.9375
74 0.175 0.596875 0.33333334 0.46041667
74 0.175 0.6046875 0.56666666 0.6875
74 0.6265625 1 0.022916667 0.14791666
74 0.64375 1 0.16666667 0.28958333
74 0.6484375 0.996875 0.31875 0.47083333
74 0.653125 0.996875 0.52708334 0.68125
74 0.6671875 0.996875 0.7625 0.92083335
