74 0 0.62291664 0 0.290625
74 0 0.08125 0.390625 0.4671875
74 0 0.09583333 0.4546875 0.5265625
74 0.004166667 0.6958333 0.1609375 0.3796875
74 0.016666668 0.047916666 0.5328125 0.5984375
74 0.016666668 0.047916666 0.6765625 0.7375
74 0.325 0.70208335 0.5421875 0.759375
74 0.34166667 0.6979167 0.384375 0.553125
74 0.39791667 0.99791664 0.690625 0.9984375
74 0.41875 0.58125 0.84375 0.9859375
74 0.69166666 0.9875 0 0.08125
74 0.6979167 0.99791664 0.0390625 0.315625
74 0.7083333 0.99791664 0.353125 0.6078125
74 0.71666664 0.99791664 0.6109375 0.853125
