74 0 0.32664233 0.01946472 0.32846716
74 0 0.33759123 0.35766423 0.6423358
74 0 0.3448905 0.64720196 0.9708029
74 0.018248174 0.28284672 0.919708 0.99756694
74 0.4379562 0.729927 0.10948905 0.35279804
74 0.44160584 0.74635035 0.3941606 0.5571776
74 0.66240877 0.7281022 0.8150852 0.98540145
74 0.7080292 0.7481752 0.5863747 0.67396593
74 0.770073 0.97262776 0.38686132 0.5523114
74 0.77372265 0.94525546 0.57664233 0.7347932
74 0.77372265 0.9489051 0.7250608 0.9245742
74 0.7810219 0.95437956 0.19951338 0.37956205
