74 0.081120946 0.81268436 0.15044248 0.24336283
74 0.084070794 0.8038348 0.25663716 0.3561947
74 0.085545726 0.5973451 0.03761062 0.12831858
74 0.088495575 0.79498523 0.3561947 0.460177
74 0.09144543 0.79941005 0.45575222 0.5641593
74 0.09439528 0.7920354 0.54867256 0.6659292
74 0.100294985 0.78318584 0.6438053 0.75884956
74 0.10619469 0.78466076 0.7323009 0.8517699
74 0.11061947 0.5825959 0.8185841 0.9380531
74 0.600295 0.69911504 0.06858407 0.13053097
74 0.64749265 0.780236 0.86504424 0.9424779
74 0.70058995 0.8215339 0.03761062 0.13495575
