74 0 0.21875 0.2734375 0.4640625
74 0 0.15833333 0.515625 0.6734375
74 0 0.12708333 0.5421875 0.690625
74 0 0.058333334 0.6046875 0.696875
74 0 0.025 0.6515625 0.7046875
74 0 0.008333334 0.7890625 0.9390625
74 0.008333334 0.04375 0.7546875 0.93125
74 0.010416667 0.19375 0.9203125 0.9984375
74 0.56875 0.69166666 0.1390625 0.1609375
74 0.58125 0.70208335 0.1625 0.175
74 0.58125 0.69375 0.171875 0.1859375
74 0.6791667 0.9770833 0.3953125 0.5609375
74 0.68541664 0.95208335 0.55 0.725
74 0.69375 0.8041667 0.0609375 0.1875
74 0.70416665 0.9604167 0.228125 0.365625
74 0.70416665 0.90416664 0.6796875 0.8625
