74 0.00625 0.03125 0.2125 0.25416666
74 0.0078125 0.0296875 0.26666668 0.31458333
74 0.059375 0.1203125 0.3125 0.43333334
74 0.0703125 0.1625 0.5854167 0.71666664
74 0.078125 0.1296875 0.44583333 0.56875
74 0.08125 0.1734375 0.7125 0.84166664
74 0.2359375 0.334375 0.22708334 0.35625
74 0.3765625 0.453125 0.26041666 0.31666666
74 0.378125 0.571875 0.1625 0.21041666
74 0.378125 0.43125 0.32916668 0.37916666
74 0.4046875 0.5796875 0.20833333 0.24791667
74 0.4171875 0.6796875 0.925 1
74 0.41875 0.634375 0.76666665 0.92291665
74 0.425 0.7359375 0.58125 0.74375
74 0.4265625 0.7546875 0.375 0.55833334
74 0.4921875 0.578125 0.25625 0.31458333
74 0.56875 0.625 0.32916668 0.35625
74 0.571875 0.59375 0.17916666 0.2125
74 0.6125 0.746875 0.32291666 0.36041668
74 0.6640625 0.740625 0.26458332 0.32708332
74 0.6859375 0.7453125 0.19166666 0.25
74 0.7484375 0.8015625 0.20833333 0.34166667
74 0.8 0.8578125 0.19791667 0.3125
74 0.8 1 0.82916665 0.96875
74 0.8734375 1 0.62083334 0.7875
74 0.8953125 1 0.40625 0.59375
74 0.9625 1 0.15208334 0.34166667
