74 0 1 0 0.27654868
74 0 0.6976401 0.3960177 0.7300885
74 0.0014749262 0.028023599 0.8915929 0.9977876
74 0.025073746 0.06637168 0.8517699 0.9977876
74 0.038348082 0.12979351 0.74115044 0.8517699
74 0.042772863 0.13716814 0.36946902 0.41150442
74 0.053097345 0.104719765 0.8495575 0.9977876
74 0.085545726 0.116519175 0.88716817 0.9977876
74 0.44542772 0.6297935 0.37168142 0.42477876
74 0.49852508 0.67699116 0.7699115 0.9977876
74 0.63274336 0.7182891 0.36283186 0.41371682
74 0.8185841 1 0.36725664 0.7300885
74 0.93657815 0.9572271 0.88274336 0.9977876
74 0.960177 0.9896755 0.88053095 0.9977876
74 0.9734513 0.9985251 0.7721239 0.82522124
74 0.98082596 0.9985251 0.8539823 0.99557525
