74 0 0.1734375 0.89166665 1
74 0.0359375 0.171875 0.68958336 0.8833333
74 0.11875 0.2546875 0.0125 0.16666667
74 0.1203125 0.2625 0.18541667 0.35833332
74 0.1390625 0.2625 0.43541667 0.5416667
74 0.2203125 0.265625 0.56666666 0.7270833
74 0.2671875 0.396875 0 0.17291667
74 0.2734375 0.396875 0.23333333 0.36041668
74 0.2765625 0.4015625 0.38958332 0.54375
74 0.28125 0.4046875 0.5729167 0.72083336
74 0.303125 0.41875 0.7729167 0.95625
74 0.425 0.540625 0.01875 0.18541667
74 0.428125 0.5359375 0.22708334 0.35833332
74 0.4296875 0.54375 0.5520833 0.7125
74 0.43125 0.5453125 0.71875 0.8666667
74 0.4328125 0.54375 0.37916666 0.5395833
74 0.5578125 0.6671875 0.2125 0.3625
74 0.5578125 0.6671875 0.38125 0.52708334
74 0.559375 0.665625 0.54791665 0.69375
74 0.559375 0.6609375 0.71875 0.87708336
74 0.6796875 0.784375 0.37708333 0.52916664
74 0.68125 0.7875 0.21666667 0.36041668
74 0.68125 0.784375 0.55833334 0.6875
74 0.68125 0.78125 0.7083333 0.81458336
74 0.6828125 0.784375 0.041666668 0.18958333
74 0.8078125 0.9109375 0.5395833 0.6791667
74 0.809375 0.9125 0.70208335 0.84375
74 0.8109375 0.91875 0.21041666 0.36041668
74 0.8125 0.9296875 0.047916666 0.19166666
74 0.925 1 0.20833333 0.35625
74 0.9296875 0.9984375 0.05 0.1875
